{"step": 8192, "wall_time": 1789910479.0535026, "episodes_completed": 59, "mean_episode_reward": -26.379560397843182, "policy_loss": 0.05121837602928281, "value_loss": 27.53382897377014, "entropy": 0.8398820012807846, "approx_kl": 0.14860283769667149, "clip_fraction": 0.4974517822265625}
{"step": 16384, "wall_time": 1789910511.1190884, "episodes_completed": 61, "mean_episode_reward": -24.62671600990608, "policy_loss": 0.05344836227595806, "value_loss": 23.313631296157837, "entropy": 0.8439999222755432, "approx_kl": 0.10411909641698003, "clip_fraction": 0.502655029296875}
{"step": 24576, "wall_time": 1789910545.5913644, "episodes_completed": 51, "mean_episode_reward": -23.633346679163914, "policy_loss": 0.03081304277293384, "value_loss": 22.171728134155273, "entropy": 0.8473919555544853, "approx_kl": 0.06415770715102553, "clip_fraction": 0.4395751953125}
{"step": 32768, "wall_time": 1789910578.4467556, "episodes_completed": 42, "mean_episode_reward": -25.18380308151245, "policy_loss": 0.004054008983075619, "value_loss": 20.001518964767456, "entropy": 0.8507063090801239, "approx_kl": 0.009773974714335054, "clip_fraction": 0.1280670166015625}
{"step": 40960, "wall_time": 1789910611.4033618, "episodes_completed": 61, "mean_episode_reward": -26.22588042255308, "policy_loss": 0.0037047979421913624, "value_loss": 25.878119230270386, "entropy": 0.8532666191458702, "approx_kl": 0.00971537857549265, "clip_fraction": 0.12469482421875}
{"step": 49152, "wall_time": 1789910643.625087, "episodes_completed": 68, "mean_episode_reward": -24.640532283221972, "policy_loss": 0.0076095397816970944, "value_loss": 29.920363664627075, "entropy": 0.855337455868721, "approx_kl": 0.016030503495130688, "clip_fraction": 0.17828369140625}
{"step": 57344, "wall_time": 1789910679.755952, "episodes_completed": 59, "mean_episode_reward": -24.39816631705074, "policy_loss": 0.014371545054018497, "value_loss": 27.922650814056396, "entropy": 0.8572000339627266, "approx_kl": 0.04003173089586198, "clip_fraction": 0.334930419921875}
{"step": 65536, "wall_time": 1789910719.5817876, "episodes_completed": 47, "mean_episode_reward": -25.283957177020135, "policy_loss": 0.005708301090635359, "value_loss": 20.55014181137085, "entropy": 0.8584041073918343, "approx_kl": 0.010556150053162128, "clip_fraction": 0.1390838623046875}
{"step": 73728, "wall_time": 1789910759.4624317, "episodes_completed": 66, "mean_episode_reward": -24.039684429313198, "policy_loss": 0.006635996513068676, "value_loss": 24.373663663864136, "entropy": 0.8591446131467819, "approx_kl": 0.01371963569545187, "clip_fraction": 0.1566162109375}
{"step": 81920, "wall_time": 1789910794.6603303, "episodes_completed": 49, "mean_episode_reward": -22.30241768700736, "policy_loss": 0.005841278471052647, "value_loss": 17.74934196472168, "entropy": 0.8603992089629173, "approx_kl": 0.014243499957956374, "clip_fraction": 0.1722869873046875}
{"step": 90112, "wall_time": 1789910828.5599985, "episodes_completed": 51, "mean_episode_reward": -23.844095454496497, "policy_loss": 0.006740214303135872, "value_loss": 20.94284462928772, "entropy": 0.8613200858235359, "approx_kl": 0.012072119629010558, "clip_fraction": 0.15606689453125}
{"step": 98304, "wall_time": 1789910862.1296353, "episodes_completed": 54, "mean_episode_reward": -20.788893981526297, "policy_loss": 0.010023630573414266, "value_loss": 15.27207624912262, "entropy": 0.86203783005476, "approx_kl": 0.02297813235782087, "clip_fraction": 0.2933502197265625}
{"step": 106496, "wall_time": 1789910901.7057483, "episodes_completed": 63, "mean_episode_reward": -22.44812730191246, "policy_loss": 0.00805369345471263, "value_loss": 20.877333879470825, "entropy": 0.8633052930235863, "approx_kl": 0.02505044441204518, "clip_fraction": 0.2703857421875}
{"step": 114688, "wall_time": 1789910939.1575518, "episodes_completed": 48, "mean_episode_reward": -22.73731192946434, "policy_loss": -0.0009221034124493599, "value_loss": 16.050156831741333, "entropy": 0.8650751635432243, "approx_kl": 0.009102998999878764, "clip_fraction": 0.108673095703125}
{"step": 122880, "wall_time": 1789910975.368077, "episodes_completed": 59, "mean_episode_reward": -19.30368354209399, "policy_loss": 0.0006442996673285961, "value_loss": 19.816237211227417, "entropy": 0.8676702603697777, "approx_kl": 0.006436075200326741, "clip_fraction": 0.0824127197265625}
{"step": 131072, "wall_time": 1789911014.1946466, "episodes_completed": 64, "mean_episode_reward": -20.344938528724015, "policy_loss": -0.00024991948157548904, "value_loss": 22.884509801864624, "entropy": 0.8697205781936646, "approx_kl": 0.0036739515780936927, "clip_fraction": 0.056854248046875}
{"step": 139264, "wall_time": 1789911052.340457, "episodes_completed": 39, "mean_episode_reward": -15.971132159615175, "policy_loss": -4.7023408114910126e-05, "value_loss": 13.3714759349823, "entropy": 0.8734846785664558, "approx_kl": 0.011332412017509341, "clip_fraction": 0.138275146484375}
{"step": 147456, "wall_time": 1789911095.757565, "episodes_completed": 41, "mean_episode_reward": -16.229534311265482, "policy_loss": -0.00010518799535930157, "value_loss": 12.704979181289673, "entropy": 0.8767658323049545, "approx_kl": 0.006879494845634326, "clip_fraction": 0.0851593017578125}
{"step": 155648, "wall_time": 1789911130.085801, "episodes_completed": 48, "mean_episode_reward": -17.42600977886468, "policy_loss": 0.0012979540042579174, "value_loss": 14.793686032295227, "entropy": 0.8787929341197014, "approx_kl": 0.010838234185939655, "clip_fraction": 0.11102294921875}
{"step": 163840, "wall_time": 1789911167.3510559, "episodes_completed": 52, "mean_episode_reward": -20.925368993328167, "policy_loss": -0.0006071319803595543, "value_loss": 14.658758759498596, "entropy": 0.8819268718361855, "approx_kl": 0.005756885395385325, "clip_fraction": 0.063720703125}
{"step": 172032, "wall_time": 1789911207.932685, "episodes_completed": 53, "mean_episode_reward": -18.107933896330167, "policy_loss": 0.008392050629481673, "value_loss": 16.387369632720947, "entropy": 0.8868750706315041, "approx_kl": 0.01900085259694606, "clip_fraction": 0.2400970458984375}
{"step": 180224, "wall_time": 1789911242.5055797, "episodes_completed": 68, "mean_episode_reward": -17.12161250500118, "policy_loss": 0.0025701276608742774, "value_loss": 22.92219591140747, "entropy": 0.890282467007637, "approx_kl": 0.013495288032572716, "clip_fraction": 0.1907958984375}
{"step": 188416, "wall_time": 1789911285.168443, "episodes_completed": 45, "mean_episode_reward": -18.319091162540847, "policy_loss": 0.007737474981695414, "value_loss": 12.898643136024475, "entropy": 0.892442561686039, "approx_kl": 0.019713897490873933, "clip_fraction": 0.2313079833984375}
{"step": 196608, "wall_time": 1789911321.3363712, "episodes_completed": 54, "mean_episode_reward": -17.652039678008467, "policy_loss": 0.011559256992768496, "value_loss": 15.045207858085632, "entropy": 0.8943469971418381, "approx_kl": 0.027851757360622287, "clip_fraction": 0.29248046875}
{"step": 204800, "wall_time": 1789911358.197165, "episodes_completed": 46, "mean_episode_reward": -20.022052184395168, "policy_loss": 0.00017729424871504307, "value_loss": 16.694008827209473, "entropy": 0.8960859328508377, "approx_kl": 0.012446368113160133, "clip_fraction": 0.1382293701171875}
{"step": 212992, "wall_time": 1789911392.903741, "episodes_completed": 73, "mean_episode_reward": -20.26008279356238, "policy_loss": 0.0031103447545319796, "value_loss": 23.91579294204712, "entropy": 0.8978401869535446, "approx_kl": 0.0099240803392604, "clip_fraction": 0.1237335205078125}
{"step": 221184, "wall_time": 1789911430.9258792, "episodes_completed": 63, "mean_episode_reward": -21.143858046758744, "policy_loss": 4.6805012971162796e-05, "value_loss": 22.8677659034729, "entropy": 0.899668276309967, "approx_kl": 0.009578505763784051, "clip_fraction": 0.1226959228515625}
{"step": 229376, "wall_time": 1789911472.559659, "episodes_completed": 73, "mean_episode_reward": -22.24227228556594, "policy_loss": 0.005436199833638966, "value_loss": 21.72059154510498, "entropy": 0.9011801481246948, "approx_kl": 0.018109525553882122, "clip_fraction": 0.211395263671875}
{"step": 237568, "wall_time": 1789911512.7428982, "episodes_completed": 45, "mean_episode_reward": -19.591362410121494, "policy_loss": 0.0007379010785371065, "value_loss": 11.933820366859436, "entropy": 0.9030212238430977, "approx_kl": 0.011785389855504036, "clip_fraction": 0.1559600830078125}
{"step": 245760, "wall_time": 1789911549.5246825, "episodes_completed": 65, "mean_episode_reward": -19.146183474247273, "policy_loss": -0.0005266210064291954, "value_loss": 19.43712878227234, "entropy": 0.9056874662637711, "approx_kl": 0.006035636586602777, "clip_fraction": 0.0598907470703125}
{"step": 253952, "wall_time": 1789911586.948544, "episodes_completed": 40, "mean_episode_reward": -17.48038507644087, "policy_loss": -0.001163162523880601, "value_loss": 11.492402791976929, "entropy": 0.9075357988476753, "approx_kl": 0.006657361431280151, "clip_fraction": 0.078369140625}
{"step": 262144, "wall_time": 1789911620.6140618, "episodes_completed": 44, "mean_episode_reward": -15.55660714615475, "policy_loss": -0.0008817617781460285, "value_loss": 12.356295108795166, "entropy": 0.9079486951231956, "approx_kl": 0.005347498663468286, "clip_fraction": 0.044586181640625}
{"step": 270336, "wall_time": 1789911663.228173, "episodes_completed": 43, "mean_episode_reward": -14.969494611717934, "policy_loss": -0.000983324833214283, "value_loss": 11.682971715927124, "entropy": 0.9103333875536919, "approx_kl": 0.003974158076744061, "clip_fraction": 0.042144775390625}
{"step": 278528, "wall_time": 1789911697.395286, "episodes_completed": 47, "mean_episode_reward": -14.916884689889056, "policy_loss": 0.0002703562786336988, "value_loss": 12.849178075790405, "entropy": 0.9125666916370392, "approx_kl": 0.007861135440180078, "clip_fraction": 0.109375}
{"step": 286720, "wall_time": 1789911732.282179, "episodes_completed": 42, "mean_episode_reward": -16.231301573060808, "policy_loss": 0.0004120797384530306, "value_loss": 13.371840000152588, "entropy": 0.9134911447763443, "approx_kl": 0.0036816160572925583, "clip_fraction": 0.043609619140625}
{"step": 294912, "wall_time": 1789911766.5491366, "episodes_completed": 45, "mean_episode_reward": -17.239658737182616, "policy_loss": 0.0003744089917745441, "value_loss": 12.442416191101074, "entropy": 0.9128563329577446, "approx_kl": 0.0026895080372923985, "clip_fraction": 0.0255279541015625}
{"step": 303104, "wall_time": 1789911803.1615868, "episodes_completed": 54, "mean_episode_reward": -18.539704614215427, "policy_loss": -0.0011800627689808607, "value_loss": 15.184574961662292, "entropy": 0.9114429950714111, "approx_kl": 0.005388421617681161, "clip_fraction": 0.06695556640625}
{"step": 311296, "wall_time": 1789911839.676651, "episodes_completed": 66, "mean_episode_reward": -17.379758591001686, "policy_loss": -0.001537657342851162, "value_loss": 17.533302307128906, "entropy": 0.9103500247001648, "approx_kl": 0.005612112829112448, "clip_fraction": 0.0607452392578125}
{"step": 319488, "wall_time": 1789911881.3522284, "episodes_completed": 51, "mean_episode_reward": -18.46646667695513, "policy_loss": -0.0017333102878183126, "value_loss": 17.067713499069214, "entropy": 0.9087861403822899, "approx_kl": 0.006071643379982561, "clip_fraction": 0.0744171142578125}
{"step": 327680, "wall_time": 1789911926.0352645, "episodes_completed": 56, "mean_episode_reward": -17.212442791754647, "policy_loss": -0.0006785275181755424, "value_loss": 14.338408589363098, "entropy": 0.9081278294324875, "approx_kl": 0.006174515729071572, "clip_fraction": 0.07440185546875}
{"step": 335872, "wall_time": 1789911966.1522827, "episodes_completed": 62, "mean_episode_reward": -17.10682927408526, "policy_loss": -1.1257128790020943e-05, "value_loss": 17.128891468048096, "entropy": 0.90756905823946, "approx_kl": 0.005775662953965366, "clip_fraction": 0.0693206787109375}
{"step": 344064, "wall_time": 1789912001.1430347, "episodes_completed": 47, "mean_episode_reward": -16.261219308731405, "policy_loss": 0.00026712939143180847, "value_loss": 13.981069803237915, "entropy": 0.9074545651674271, "approx_kl": 0.004871873068623245, "clip_fraction": 0.0565643310546875}
{"step": 352256, "wall_time": 1789912042.1277108, "episodes_completed": 40, "mean_episode_reward": -13.76910525560379, "policy_loss": 0.0010724065359681845, "value_loss": 14.49009382724762, "entropy": 0.9073865786194801, "approx_kl": 0.012551763909868896, "clip_fraction": 0.1541290283203125}
{"step": 360448, "wall_time": 1789912077.848591, "episodes_completed": 45, "mean_episode_reward": -15.213377859857347, "policy_loss": 0.004744945792481303, "value_loss": 12.328310251235962, "entropy": 0.9077772498130798, "approx_kl": 0.013702141703106463, "clip_fraction": 0.18695068359375}
{"step": 368640, "wall_time": 1789912111.541472, "episodes_completed": 54, "mean_episode_reward": -15.2710592760532, "policy_loss": 7.489477866329253e-05, "value_loss": 16.970142602920532, "entropy": 0.9088688641786575, "approx_kl": 0.005337332215276547, "clip_fraction": 0.0551910400390625}
{"step": 376832, "wall_time": 1789912145.5863738, "episodes_completed": 38, "mean_episode_reward": -14.421811660653667, "policy_loss": 1.6102567315101624e-05, "value_loss": 12.36848258972168, "entropy": 0.9101479277014732, "approx_kl": 0.006415582960471511, "clip_fraction": 0.0712432861328125}
{"step": 385024, "wall_time": 1789912179.0055187, "episodes_completed": 42, "mean_episode_reward": -15.064764352781433, "policy_loss": -0.0015764024574309587, "value_loss": 12.497780203819275, "entropy": 0.9107251763343811, "approx_kl": 0.006805831755627878, "clip_fraction": 0.0712127685546875}
{"step": 393216, "wall_time": 1789912212.991692, "episodes_completed": 43, "mean_episode_reward": -15.351257507191148, "policy_loss": 0.00016143475659191608, "value_loss": 13.121865153312683, "entropy": 0.912268728017807, "approx_kl": 0.0053222590941004455, "clip_fraction": 0.063934326171875}
{"step": 401408, "wall_time": 1789912246.0411613, "episodes_completed": 37, "mean_episode_reward": -10.917879631994543, "policy_loss": -0.00031157270132098347, "value_loss": 10.988506078720093, "entropy": 0.9135036543011665, "approx_kl": 0.00602293637348339, "clip_fraction": 0.073577880859375}
{"step": 409600, "wall_time": 1789912280.4723933, "episodes_completed": 49, "mean_episode_reward": -16.33440000791939, "policy_loss": 0.0016279183328151703, "value_loss": 14.676086068153381, "entropy": 0.9142055734992027, "approx_kl": 0.007323907368117943, "clip_fraction": 0.1020355224609375}
{"step": 417792, "wall_time": 1789912312.8622575, "episodes_completed": 47, "mean_episode_reward": -16.67995367658899, "policy_loss": 0.0002816557534970343, "value_loss": 17.699700593948364, "entropy": 0.9145917296409607, "approx_kl": 0.006058417202439159, "clip_fraction": 0.0670318603515625}
{"step": 425984, "wall_time": 1789912345.5784879, "episodes_completed": 53, "mean_episode_reward": -12.895586190920955, "policy_loss": -0.001142146997153759, "value_loss": 17.25110960006714, "entropy": 0.9145023599267006, "approx_kl": 0.00726700882660225, "clip_fraction": 0.0776214599609375}
{"step": 434176, "wall_time": 1789912378.301586, "episodes_completed": 40, "mean_episode_reward": -10.65507373213768, "policy_loss": -0.00030910514760762453, "value_loss": 13.115492463111877, "entropy": 0.9147590771317482, "approx_kl": 0.010550642386078835, "clip_fraction": 0.137939453125}
{"step": 442368, "wall_time": 1789912410.9524722, "episodes_completed": 49, "mean_episode_reward": -15.406184054150874, "policy_loss": 0.0005414274055510759, "value_loss": 15.797896265983582, "entropy": 0.9158458709716797, "approx_kl": 0.00871471845312044, "clip_fraction": 0.113983154296875}
{"step": 450560, "wall_time": 1789912443.6334858, "episodes_completed": 49, "mean_episode_reward": -12.704494608300072, "policy_loss": -0.00061408756300807, "value_loss": 17.797802209854126, "entropy": 0.9177272990345955, "approx_kl": 0.008249717822764069, "clip_fraction": 0.0920257568359375}
{"step": 458752, "wall_time": 1789912476.2539084, "episodes_completed": 49, "mean_episode_reward": -15.20215889081663, "policy_loss": -0.000898492056876421, "value_loss": 16.265746116638184, "entropy": 0.9199277013540268, "approx_kl": 0.006098903948441148, "clip_fraction": 0.0706787109375}
{"step": 466944, "wall_time": 1789912508.6086404, "episodes_completed": 45, "mean_episode_reward": -15.121102285385131, "policy_loss": -0.0010062040528282523, "value_loss": 17.147437572479248, "entropy": 0.9209330603480339, "approx_kl": 0.004975138537702151, "clip_fraction": 0.0823974609375}
{"step": 475136, "wall_time": 1789912541.047992, "episodes_completed": 57, "mean_episode_reward": -13.42929763725975, "policy_loss": 0.0005460436223074794, "value_loss": 16.762991428375244, "entropy": 0.9217758551239967, "approx_kl": 0.0036971592635381967, "clip_fraction": 0.0281982421875}
{"step": 483328, "wall_time": 1789912573.3462684, "episodes_completed": 53, "mean_episode_reward": -16.80061252611988, "policy_loss": -0.0002944499719887972, "value_loss": 16.825785875320435, "entropy": 0.9221257641911507, "approx_kl": 0.004159779578913003, "clip_fraction": 0.0464324951171875}
{"step": 491520, "wall_time": 1789912606.0806658, "episodes_completed": 44, "mean_episode_reward": -16.658639260313727, "policy_loss": -0.0014706572983413935, "value_loss": 16.060370564460754, "entropy": 0.9225135892629623, "approx_kl": 0.00649893561785575, "clip_fraction": 0.064300537109375}
{"step": 499712, "wall_time": 1789912639.6637821, "episodes_completed": 41, "mean_episode_reward": -8.570445002579108, "policy_loss": 0.0003331403713673353, "value_loss": 20.260382652282715, "entropy": 0.9222608208656311, "approx_kl": 0.002908460264734458, "clip_fraction": 0.02532958984375}
{"step": 507904, "wall_time": 1789912677.5781887, "episodes_completed": 41, "mean_episode_reward": -12.096530481809523, "policy_loss": -0.0012995998840779066, "value_loss": 14.717249989509583, "entropy": 0.9222140312194824, "approx_kl": 0.006822081362770405, "clip_fraction": 0.10589599609375}
{"step": 516096, "wall_time": 1789912715.833282, "episodes_completed": 54, "mean_episode_reward": -15.108221485107034, "policy_loss": -0.000992711167782545, "value_loss": 16.643998384475708, "entropy": 0.9234905987977982, "approx_kl": 0.003758679456950631, "clip_fraction": 0.0467376708984375}
{"step": 524288, "wall_time": 1789912750.3518896, "episodes_completed": 38, "mean_episode_reward": -11.101460441946983, "policy_loss": -0.001165047287940979, "value_loss": 10.42274284362793, "entropy": 0.9248589277267456, "approx_kl": 0.004460732656298205, "clip_fraction": 0.03265380859375}
{"step": 532480, "wall_time": 1789912793.904632, "episodes_completed": 53, "mean_episode_reward": -15.16409946612592, "policy_loss": -0.0021153686102479696, "value_loss": 22.77770709991455, "entropy": 0.9258266016840935, "approx_kl": 0.005700127832824364, "clip_fraction": 0.0554046630859375}
{"step": 540672, "wall_time": 1789912832.8414772, "episodes_completed": 50, "mean_episode_reward": -14.941052940487861, "policy_loss": -0.0010000905022025108, "value_loss": 17.498624086380005, "entropy": 0.9268630817532539, "approx_kl": 0.005028021929319948, "clip_fraction": 0.047637939453125}
{"step": 548864, "wall_time": 1789912872.8834658, "episodes_completed": 36, "mean_episode_reward": -13.060425606038836, "policy_loss": -0.0014491011388599873, "value_loss": 11.071078896522522, "entropy": 0.927702896296978, "approx_kl": 0.006574489525519311, "clip_fraction": 0.0759124755859375}
{"step": 557056, "wall_time": 1789912913.915956, "episodes_completed": 42, "mean_episode_reward": -14.471511727021564, "policy_loss": 0.000591509509831667, "value_loss": 11.699658632278442, "entropy": 0.9281400889158249, "approx_kl": 0.005917895017773844, "clip_fraction": 0.0789337158203125}
{"step": 565248, "wall_time": 1789912951.9564805, "episodes_completed": 49, "mean_episode_reward": -14.859713698528251, "policy_loss": -0.0013557361671701074, "value_loss": 17.394843578338623, "entropy": 0.9300176650285721, "approx_kl": 0.006760735675925389, "clip_fraction": 0.0764923095703125}
{"step": 573440, "wall_time": 1789912984.3981159, "episodes_completed": 50, "mean_episode_reward": -15.423323325365782, "policy_loss": 0.0007992333266884089, "value_loss": 22.28441286087036, "entropy": 0.9313726425170898, "approx_kl": 0.005148785130586475, "clip_fraction": 0.0628814697265625}
{"step": 581632, "wall_time": 1789913016.814693, "episodes_completed": 46, "mean_episode_reward": -13.652989571023246, "policy_loss": -0.0008322636131197214, "value_loss": 15.463028907775879, "entropy": 0.9319744482636452, "approx_kl": 0.005813836614834145, "clip_fraction": 0.056243896484375}
{"step": 589824, "wall_time": 1789913048.6714284, "episodes_completed": 50, "mean_episode_reward": -13.912233032882213, "policy_loss": -0.0005514762597158551, "value_loss": 16.40826654434204, "entropy": 0.9320917502045631, "approx_kl": 0.007107976241968572, "clip_fraction": 0.07177734375}
{"step": 598016, "wall_time": 1789913081.206147, "episodes_completed": 49, "mean_episode_reward": -12.436177444701292, "policy_loss": 0.00043844638275913894, "value_loss": 18.335745334625244, "entropy": 0.9327259063720703, "approx_kl": 0.006930935080163181, "clip_fraction": 0.079986572265625}
{"step": 606208, "wall_time": 1789913113.8261023, "episodes_completed": 49, "mean_episode_reward": -15.143406495756032, "policy_loss": 0.0004589000018313527, "value_loss": 13.364700317382812, "entropy": 0.9333753287792206, "approx_kl": 0.0028311571877566166, "clip_fraction": 0.030975341796875}
{"step": 614400, "wall_time": 1789913145.6505904, "episodes_completed": 55, "mean_episode_reward": -14.691677816347642, "policy_loss": -0.00017240922898054123, "value_loss": 22.377121925354004, "entropy": 0.9330819174647331, "approx_kl": 0.005163199719390832, "clip_fraction": 0.055816650390625}
{"step": 622592, "wall_time": 1789913177.9232538, "episodes_completed": 60, "mean_episode_reward": -16.24816778500875, "policy_loss": -0.0005178945139050484, "value_loss": 16.9279842376709, "entropy": 0.9324114471673965, "approx_kl": 0.005290397748467512, "clip_fraction": 0.0608062744140625}
{"step": 630784, "wall_time": 1789913209.9640336, "episodes_completed": 54, "mean_episode_reward": -11.857454227076637, "policy_loss": 0.00034472637344151735, "value_loss": 22.790239572525024, "entropy": 0.9322734624147415, "approx_kl": 0.004663417057599872, "clip_fraction": 0.0544586181640625}
{"step": 638976, "wall_time": 1789913241.628317, "episodes_completed": 64, "mean_episode_reward": -16.30728615541011, "policy_loss": 0.000922683859243989, "value_loss": 23.46526026725769, "entropy": 0.9329361990094185, "approx_kl": 0.005984202121908311, "clip_fraction": 0.08477783203125}
{"step": 647168, "wall_time": 1789913273.4560156, "episodes_completed": 58, "mean_episode_reward": -16.367561352664026, "policy_loss": -0.000533478450961411, "value_loss": 19.720333337783813, "entropy": 0.9336009323596954, "approx_kl": 0.004419954464538023, "clip_fraction": 0.0557098388671875}
{"step": 655360, "wall_time": 1789913305.7107596, "episodes_completed": 43, "mean_episode_reward": -12.570546747640122, "policy_loss": 0.001811125548556447, "value_loss": 12.442182302474976, "entropy": 0.934142030775547, "approx_kl": 0.006834646832430735, "clip_fraction": 0.0784759521484375}
{"step": 663552, "wall_time": 1789913337.591837, "episodes_completed": 45, "mean_episode_reward": -13.153311465846167, "policy_loss": 0.0003067590296268463, "value_loss": 12.522290349006653, "entropy": 0.9344331175088882, "approx_kl": 0.007365100143942982, "clip_fraction": 0.065277099609375}
{"step": 671744, "wall_time": 1789913369.2315593, "episodes_completed": 53, "mean_episode_reward": -13.519759304962069, "policy_loss": 0.0019774912507273257, "value_loss": 21.791070222854614, "entropy": 0.9363399595022202, "approx_kl": 0.009726560499984771, "clip_fraction": 0.113616943359375}
{"step": 679936, "wall_time": 1789913401.203483, "episodes_completed": 48, "mean_episode_reward": -12.260378847519556, "policy_loss": 0.000728012528270483, "value_loss": 18.164811611175537, "entropy": 0.9378174692392349, "approx_kl": 0.005577277399424929, "clip_fraction": 0.0955352783203125}
{"step": 688128, "wall_time": 1789913432.8124928, "episodes_completed": 61, "mean_episode_reward": -16.36421245721276, "policy_loss": 0.008872607722878456, "value_loss": 18.804393529891968, "entropy": 0.9386998564004898, "approx_kl": 0.021604136331006885, "clip_fraction": 0.2559661865234375}
{"step": 696320, "wall_time": 1789913464.5620408, "episodes_completed": 53, "mean_episode_reward": -13.321679727086481, "policy_loss": 0.0018885512836277485, "value_loss": 20.496278047561646, "entropy": 0.9395835623145103, "approx_kl": 0.007703134440816939, "clip_fraction": 0.1139068603515625}
{"step": 704512, "wall_time": 1789913496.358595, "episodes_completed": 55, "mean_episode_reward": -14.693127569285306, "policy_loss": 0.003946165554225445, "value_loss": 25.724496841430664, "entropy": 0.9402078464627266, "approx_kl": 0.011132580635603517, "clip_fraction": 0.1357879638671875}
{"step": 712704, "wall_time": 1789913528.2919815, "episodes_completed": 56, "mean_episode_reward": -13.97318451186376, "policy_loss": 0.0018034023814834654, "value_loss": 20.59799027442932, "entropy": 0.9404662624001503, "approx_kl": 0.010110336763318628, "clip_fraction": 0.1181640625}
{"step": 720896, "wall_time": 1789913560.2582564, "episodes_completed": 60, "mean_episode_reward": -16.429074173172314, "policy_loss": -0.0006127997767180204, "value_loss": 18.84252405166626, "entropy": 0.9411341398954391, "approx_kl": 0.004234943626215681, "clip_fraction": 0.05670166015625}
{"step": 729088, "wall_time": 1789913592.1588445, "episodes_completed": 46, "mean_episode_reward": -11.37397811723792, "policy_loss": 0.0010385233908891678, "value_loss": 16.108458399772644, "entropy": 0.9418974816799164, "approx_kl": 0.006326865550363436, "clip_fraction": 0.0847320556640625}
{"step": 737280, "wall_time": 1789913623.8912585, "episodes_completed": 52, "mean_episode_reward": -14.68776350754958, "policy_loss": -0.0014607219491153955, "value_loss": 22.103172540664673, "entropy": 0.9419669657945633, "approx_kl": 0.0049845804751385, "clip_fraction": 0.0764007568359375}
{"step": 745472, "wall_time": 1789913655.84043, "episodes_completed": 60, "mean_episode_reward": -13.385477209091187, "policy_loss": 0.0014122180873528123, "value_loss": 26.090760469436646, "entropy": 0.9420346841216087, "approx_kl": 0.005843965016538277, "clip_fraction": 0.06585693359375}
{"step": 753664, "wall_time": 1789913687.2953622, "episodes_completed": 48, "mean_episode_reward": -12.91257164378961, "policy_loss": 0.001913358923047781, "value_loss": 15.273402452468872, "entropy": 0.9421354681253433, "approx_kl": 0.005971849983325228, "clip_fraction": 0.071136474609375}
{"step": 761856, "wall_time": 1789913719.0972347, "episodes_completed": 56, "mean_episode_reward": -15.716957471200399, "policy_loss": -3.2611656934022903e-05, "value_loss": 21.629950284957886, "entropy": 0.9431482553482056, "approx_kl": 0.006192401218868326, "clip_fraction": 0.0567474365234375}
{"step": 770048, "wall_time": 1789913750.964835, "episodes_completed": 38, "mean_episode_reward": -10.082443332985827, "policy_loss": 0.002165702637284994, "value_loss": 15.051315307617188, "entropy": 0.9449242055416107, "approx_kl": 0.00777923155692406, "clip_fraction": 0.0962677001953125}
{"step": 778240, "wall_time": 1789913782.7963123, "episodes_completed": 56, "mean_episode_reward": -17.28197560778686, "policy_loss": 0.0010966616682708263, "value_loss": 18.1560001373291, "entropy": 0.9468214139342308, "approx_kl": 0.005011030356399715, "clip_fraction": 0.0640716552734375}
{"step": 786432, "wall_time": 1789913814.5673172, "episodes_completed": 62, "mean_episode_reward": -14.775932384835135, "policy_loss": -0.0003630885621532798, "value_loss": 20.836817979812622, "entropy": 0.9480298608541489, "approx_kl": 0.008730348665267229, "clip_fraction": 0.099700927734375}
{"step": 794624, "wall_time": 1789913846.7183282, "episodes_completed": 51, "mean_episode_reward": -12.051139458064355, "policy_loss": 0.003912995103746653, "value_loss": 20.39758038520813, "entropy": 0.9486318454146385, "approx_kl": 0.010232710803393275, "clip_fraction": 0.1405792236328125}
{"step": 802816, "wall_time": 1789913878.6523929, "episodes_completed": 56, "mean_episode_reward": -16.783829987049103, "policy_loss": 0.002452232292853296, "value_loss": 20.969977140426636, "entropy": 0.9489182680845261, "approx_kl": 0.011549487768206745, "clip_fraction": 0.14080810546875}
{"step": 811008, "wall_time": 1789913910.787317, "episodes_completed": 44, "mean_episode_reward": -11.900373920798302, "policy_loss": -0.0004815828870050609, "value_loss": 13.876070141792297, "entropy": 0.9490070939064026, "approx_kl": 0.00835874752374366, "clip_fraction": 0.1060333251953125}
{"step": 819200, "wall_time": 1789913942.4402652, "episodes_completed": 53, "mean_episode_reward": -18.396746064132113, "policy_loss": 0.0007611592300236225, "value_loss": 16.788686275482178, "entropy": 0.9490651711821556, "approx_kl": 0.006822006806032732, "clip_fraction": 0.0856475830078125}
{"step": 827392, "wall_time": 1789913974.1132865, "episodes_completed": 56, "mean_episode_reward": -11.861402573596154, "policy_loss": 0.0011685914359986782, "value_loss": 27.68666386604309, "entropy": 0.9490758180618286, "approx_kl": 0.005625239224173129, "clip_fraction": 0.08477783203125}
{"step": 835584, "wall_time": 1789914005.881739, "episodes_completed": 46, "mean_episode_reward": -14.77352211786353, "policy_loss": 0.004402967053465545, "value_loss": 15.261217594146729, "entropy": 0.9495844542980194, "approx_kl": 0.00691138714319095, "clip_fraction": 0.1086273193359375}
{"step": 843776, "wall_time": 1789914038.0058196, "episodes_completed": 51, "mean_episode_reward": -11.037024749589024, "policy_loss": 0.001209308102261275, "value_loss": 17.880712509155273, "entropy": 0.9495847523212433, "approx_kl": 0.007509329036111012, "clip_fraction": 0.09185791015625}
{"step": 851968, "wall_time": 1789914069.655078, "episodes_completed": 66, "mean_episode_reward": -16.797943238056067, "policy_loss": -1.7171259969472885e-05, "value_loss": 22.322183847427368, "entropy": 0.9496961832046509, "approx_kl": 0.004716409603133798, "clip_fraction": 0.0495758056640625}
{"step": 860160, "wall_time": 1789914101.391871, "episodes_completed": 49, "mean_episode_reward": -13.26945679832478, "policy_loss": 4.5389868319034576e-05, "value_loss": 17.74808120727539, "entropy": 0.9494529142975807, "approx_kl": 0.0039057363610481843, "clip_fraction": 0.031402587890625}
{"step": 868352, "wall_time": 1789914133.3484306, "episodes_completed": 73, "mean_episode_reward": -18.689036221945123, "policy_loss": 0.0002049352042376995, "value_loss": 24.298088550567627, "entropy": 0.9490981325507164, "approx_kl": 0.005829368281411007, "clip_fraction": 0.055450439453125}
{"step": 876544, "wall_time": 1789914165.1612825, "episodes_completed": 59, "mean_episode_reward": -14.628511668261835, "policy_loss": 0.00046332820784300566, "value_loss": 17.245070695877075, "entropy": 0.9486276209354401, "approx_kl": 0.004751640968606807, "clip_fraction": 0.055389404296875}
{"step": 884736, "wall_time": 1789914197.2007372, "episodes_completed": 38, "mean_episode_reward": -12.371528393343874, "policy_loss": -0.0011886963620781898, "value_loss": 13.389819741249084, "entropy": 0.9479312151670456, "approx_kl": 0.00876230391440913, "clip_fraction": 0.0942535400390625}
{"step": 892928, "wall_time": 1789914229.0078785, "episodes_completed": 53, "mean_episode_reward": -7.375947274127096, "policy_loss": 0.0008637243881821632, "value_loss": 25.84443187713623, "entropy": 0.9477015733718872, "approx_kl": 0.008446259016636759, "clip_fraction": 0.1007080078125}
{"step": 901120, "wall_time": 1789914260.8375185, "episodes_completed": 53, "mean_episode_reward": -11.743674771965674, "policy_loss": 0.00044026970863342285, "value_loss": 21.370944499969482, "entropy": 0.9480814412236214, "approx_kl": 0.006893803409184329, "clip_fraction": 0.0781402587890625}
{"step": 909312, "wall_time": 1789914292.8357801, "episodes_completed": 42, "mean_episode_reward": -11.808164176486788, "policy_loss": -0.0010054465383291245, "value_loss": 19.979044198989868, "entropy": 0.9483961388468742, "approx_kl": 0.005202108121011406, "clip_fraction": 0.0612030029296875}
{"step": 917504, "wall_time": 1789914324.923042, "episodes_completed": 62, "mean_episode_reward": -16.6626550670593, "policy_loss": 0.001061868155375123, "value_loss": 19.33459782600403, "entropy": 0.9487646073102951, "approx_kl": 0.004828150995308533, "clip_fraction": 0.0641021728515625}
{"step": 925696, "wall_time": 1789914356.8240998, "episodes_completed": 44, "mean_episode_reward": -11.035625491037287, "policy_loss": -0.0001271669752895832, "value_loss": 14.719151377677917, "entropy": 0.9492176175117493, "approx_kl": 0.005368021025788039, "clip_fraction": 0.0619964599609375}
{"step": 933888, "wall_time": 1789914388.371069, "episodes_completed": 44, "mean_episode_reward": -17.26307101412253, "policy_loss": 0.0006695501506328583, "value_loss": 17.71847653388977, "entropy": 0.9498003199696541, "approx_kl": 0.004921982443192974, "clip_fraction": 0.0531463623046875}
{"step": 942080, "wall_time": 1789914419.730404, "episodes_completed": 44, "mean_episode_reward": -13.438440152189948, "policy_loss": 0.002642202191054821, "value_loss": 15.947494626045227, "entropy": 0.9502728134393692, "approx_kl": 0.006495903100585565, "clip_fraction": 0.082244873046875}
{"step": 950272, "wall_time": 1789914451.5511425, "episodes_completed": 47, "mean_episode_reward": -13.257565306856277, "policy_loss": 0.0009014100069180131, "value_loss": 19.76323890686035, "entropy": 0.9508200064301491, "approx_kl": 0.005949535814579576, "clip_fraction": 0.0622406005859375}
{"step": 958464, "wall_time": 1789914483.5259984, "episodes_completed": 41, "mean_episode_reward": -12.671399123784973, "policy_loss": -0.0006641766522079706, "value_loss": 16.216992139816284, "entropy": 0.9509970843791962, "approx_kl": 0.006222294352483004, "clip_fraction": 0.076568603515625}
{"step": 966656, "wall_time": 1789914515.3651388, "episodes_completed": 61, "mean_episode_reward": -12.115490007595938, "policy_loss": -0.0005582582671195269, "value_loss": 23.492478609085083, "entropy": 0.9516804367303848, "approx_kl": 0.0065920561901293695, "clip_fraction": 0.0921783447265625}
{"step": 974848, "wall_time": 1789914547.5141225, "episodes_completed": 54, "mean_episode_reward": -16.173249827490913, "policy_loss": 0.0008823801763355732, "value_loss": 22.988504886627197, "entropy": 0.9524834752082825, "approx_kl": 0.0054127701732795686, "clip_fraction": 0.0651397705078125}
{"step": 983040, "wall_time": 1789914579.3121963, "episodes_completed": 56, "mean_episode_reward": -14.579474381038121, "policy_loss": -0.0012081610038876534, "value_loss": 21.768319129943848, "entropy": 0.9532104283571243, "approx_kl": 0.004086641652975231, "clip_fraction": 0.0503692626953125}
{"step": 991232, "wall_time": 1789914610.9146712, "episodes_completed": 59, "mean_episode_reward": -15.953027103917073, "policy_loss": 0.000307486392557621, "value_loss": 20.217974185943604, "entropy": 0.9537538513541222, "approx_kl": 0.005490697833010927, "clip_fraction": 0.0654754638671875}
{"step": 999424, "wall_time": 1789914642.720487, "episodes_completed": 65, "mean_episode_reward": -14.586708422807547, "policy_loss": 0.0005459384992718697, "value_loss": 21.554181337356567, "entropy": 0.9542803913354874, "approx_kl": 0.00714544189395383, "clip_fraction": 0.08953857421875}
{"step": 1007616, "wall_time": 1789914674.4023504, "episodes_completed": 55, "mean_episode_reward": -15.878147229281339, "policy_loss": 0.0012417974648997188, "value_loss": 17.635783910751343, "entropy": 0.9548487961292267, "approx_kl": 0.008787903934717178, "clip_fraction": 0.0897369384765625}
